name: platon_env
channels:
  - bioconda
  - conda-forge
  - defaults
dependencies:
  - _libgcc_mutex=0.1=conda_forge
  - _openmp_mutex=4.5=2_gnu
  - biopython=1.79=py311hd4cff14_3
  - blast=2.13.0=hf3cf87c_0
  - boost-cpp=1.74.0=h75c5d50_8
  - bzip2=1.0.8=h7f98852_4
  - c-ares=1.18.1=h7f98852_0
  - ca-certificates=2022.9.24=ha878542_0
  - curl=7.86.0=h2283fc2_0
  - diamond=2.0.15=hb97b32f_1
  - entrez-direct=16.2=he881be0_1
  - gettext=0.21.1=h27087fc_0
  - hmmer=3.3.2=h87f3376_2
  - icu=70.1=h27087fc_0
  - infernal=1.1.4=pl5321hec16e2b_1
  - keyutils=1.6.1=h166bdaf_0
  - krb5=1.19.3=h08a2579_0
  - ld_impl_linux-64=2.39=hc81fddc_0
  - libblas=3.9.0=16_linux64_openblas
  - libcblas=3.9.0=16_linux64_openblas
  - libcurl=7.86.0=h2283fc2_0
  - libedit=3.1.20191231=he28a2e2_2
  - libev=4.33=h516909a_1
  - libffi=3.4.2=h7f98852_5
  - libgcc-ng=12.2.0=h65d4601_19
  - libgfortran-ng=12.2.0=h69a702a_19
  - libgfortran5=12.2.0=h337968e_19
  - libgomp=12.2.0=h65d4601_19
  - libidn2=2.3.4=h166bdaf_0
  - liblapack=3.9.0=16_linux64_openblas
  - libnghttp2=1.47.0=hff17c54_1
  - libnsl=2.0.0=h7f98852_0
  - libopenblas=0.3.21=pthreads_h78a6416_3
  - libsqlite=3.39.4=h753d276_0
  - libssh2=1.10.0=hf14f497_3
  - libstdcxx-ng=12.2.0=h46fd767_19
  - libunistring=0.9.10=h7f98852_0
  - libuuid=2.32.1=h7f98852_1000
  - libzlib=1.2.13=h166bdaf_4
  - mummer4=4.0.0rc1=pl5321h87f3376_3
  - ncurses=6.3=h27087fc_1
  - numpy=1.23.4=py311h7d28db0_1
  - openssl=3.0.5=h166bdaf_2
  - pcre=8.45=h9c3ff4c_0
  - perl=5.32.1=2_h7f98852_perl5
  - perl-archive-tar=2.40=pl5321hdfd78af_0
  - perl-carp=1.50=pl5321hd8ed1ab_0
  - perl-common-sense=3.75=pl5321hd8ed1ab_0
  - perl-compress-raw-bzip2=2.201=pl5321h166bdaf_0
  - perl-compress-raw-zlib=2.202=pl5321h166bdaf_0
  - perl-encode=3.19=pl5321h166bdaf_0
  - perl-exporter=5.74=pl5321hd8ed1ab_0
  - perl-exporter-tiny=1.002002=pl5321hd8ed1ab_0
  - perl-extutils-makemaker=7.64=pl5321hd8ed1ab_0
  - perl-io-compress=2.201=pl5321h87f3376_0
  - perl-io-zlib=1.11=pl5321hdfd78af_0
  - perl-json=4.10=pl5321hdfd78af_0
  - perl-json-xs=2.34=pl5321h9f5acd7_5
  - perl-list-moreutils=0.430=pl5321hdfd78af_0
  - perl-list-moreutils-xs=0.430=pl5321hec16e2b_1
  - perl-parent=0.238=pl5321hd8ed1ab_0
  - perl-pathtools=3.75=pl5321h166bdaf_0
  - perl-scalar-list-utils=1.63=pl5321h166bdaf_0
  - perl-storable=3.15=pl5321h166bdaf_0
  - perl-types-serialiser=1.01=pl5321hdfd78af_0
  - pip=22.3=pyhd8ed1ab_0
  - platon=1.6=pyhdfd78af_1
  - prodigal=2.6.3=hec16e2b_4
  - python=3.11.0=ha86cf86_0_cpython
  - python_abi=3.11=2_cp311
  - readline=8.1.2=h0f457ee_0
  - setuptools=65.5.0=pyhd8ed1ab_0
  - tk=8.6.12=h27826a3_0
  - tzdata=2022e=h191b570_0
  - wget=1.20.3=ha35d2d1_1
  - wheel=0.37.1=pyhd8ed1ab_0
  - xz=5.2.6=h166bdaf_0
  - zlib=1.2.13=h166bdaf_4
  - zstd=1.5.2=h6239696_4
prefix: /home/ubuntu/anaconda3/envs/platon_env
